10 9
3 3 1 32 2 37 3 34 2 4 60 5 57 4 6 34 7 36 8 38 9 36 
3 3 1 60 2 63 3 55 2 4 74 5 78 4 6 69 7 80 8 80 9 77 
3 3 1 80 2 84 3 76 2 4 74 5 81 4 6 55 7 52 8 55 9 55 
3 3 1 53 2 49 3 49 2 4 79 5 64 4 6 98 7 98 8 98 9 89 
3 3 1 29 2 29 3 25 2 4 63 5 56 4 6 95 7 82 8 95 9 78 
3 3 1 24 2 26 3 24 2 4 89 5 103 4 6 73 7 73 8 80 9 84 
3 3 1 32 2 30 3 30 2 4 35 5 37 4 6 32 7 28 8 35 9 30 
3 3 1 34 2 36 3 34 2 4 55 5 60 4 6 39 7 44 8 46 9 39 
3 3 1 29 2 30 3 26 2 4 57 5 57 4 6 76 7 93 8 93 9 80 
3 3 1 92 2 96 3 96 2 4 63 5 67 4 6 103 7 94 8 94 9 99 
